0	9.0,99.0
0	24.0,96.0
0	7.0,96.0
0	26.0,72.0
0	7.0,98.0
0	11.0,86.0
0	13.0,78.0
0	8.0,91.0
0	16.0,77.0
0	12.0,92.0
0	29.0,79.0
0	11.0,86.0
1	43.0,22.0
1	38.0,8.0
1	46.0,21.0
1	43.0,20.0
1	44.0,22.0
1	41.0,12.0
1	29.0,18.0
1	31.0,5.0
1	36.0,30.0
2	57.0,47.0
2	58.0,33.0
2	54.0,53.0
2	47.0,53.0
2	39.0,54.0
2	59.0,37.0
2	55.0,43.0
2	40.0,41.0
2	43.0,39.0
2	36.0,50.0
3	44.0,100.0
3	38.0,91.0
3	56.0,94.0
3	39.0,99.0
3	62.0,84.0
3	45.0,91.0
3	50.0,71.0
3	58.0,95.0
3	68.0,90.0
3	48.0,69.0
3	65.0,76.0
3	53.0,85.0
3	40.0,80.0
3	64.0,78.0
4	86.0,32.0
4	90.0,59.0
4	70.0,62.0
4	90.0,62.0
4	81.0,47.0
4	96.0,44.0
4	78.0,51.0
4	100.0,37.0
4	71.0,39.0
4	97.0,35.0
4	88.0,39.0
4	94.0,32.0
4	93.0,48.0
4	71.0,47.0
4	91.0,43.0
5	86.0,8.0
5	92.0,12.0
5	93.0,7.0
5	98.0,24.0
5	93.0,22.0
5	96.0,0.0
5	83.0,14.0
6	6.0,55.0
6	29.0,44.0
6	22.0,34.0
6	29.0,51.0
6	24.0,39.0
6	13.0,42.0
6	11.0,40.0
6	10.0,41.0
7	3.0,16.0
7	2.0,13.0
7	6.0,16.0
7	11.0,10.0
7	14.0,13.0
7	5.0,16.0
8	64.0,11.0
8	60.0,6.0
8	66.0,3.0
8	56.0,26.0
8	57.0,13.0
8	65.0,11.0
8	58.0,6.0
8	68.0,9.0
8	67.0,27.0
9	82.0,81.0
9	85.0,67.0
9	96.0,91.0
9	97.0,81.0
9	98.0,91.0
9	75.0,96.0
9	71.0,85.0
9	89.0,75.0
9	71.0,98.0
9	90.0,85.0
