0	71.0,47.0
0	55.0,43.0
0	43.0,39.0
0	58.0,33.0
0	56.0,26.0
0	59.0,37.0
0	71.0,39.0
0	57.0,47.0
0	67.0,27.0
0	40.0,41.0
1	98.0,91.0
1	97.0,81.0
1	90.0,59.0
1	85.0,67.0
1	90.0,85.0
1	82.0,81.0
1	90.0,62.0
1	89.0,75.0
1	96.0,91.0
2	24.0,96.0
2	11.0,86.0
2	9.0,99.0
2	11.0,86.0
2	12.0,92.0
2	8.0,91.0
2	29.0,79.0
2	7.0,98.0
2	7.0,96.0
2	26.0,72.0
2	13.0,78.0
2	16.0,77.0
3	53.0,85.0
3	58.0,95.0
3	44.0,100.0
3	45.0,91.0
3	62.0,84.0
3	65.0,76.0
3	75.0,96.0
3	56.0,94.0
3	39.0,99.0
3	38.0,91.0
3	40.0,80.0
3	71.0,98.0
3	64.0,78.0
3	68.0,90.0
3	71.0,85.0
4	97.0,35.0
4	96.0,44.0
4	86.0,32.0
4	98.0,24.0
4	81.0,47.0
4	91.0,43.0
4	93.0,22.0
4	78.0,51.0
4	94.0,32.0
4	100.0,37.0
4	88.0,39.0
4	93.0,48.0
5	29.0,51.0
5	24.0,39.0
5	13.0,42.0
5	10.0,41.0
5	11.0,40.0
5	6.0,55.0
5	22.0,34.0
5	29.0,44.0
6	57.0,13.0
6	46.0,21.0
6	43.0,22.0
6	31.0,5.0
6	29.0,18.0
6	38.0,8.0
6	43.0,20.0
6	41.0,12.0
6	36.0,30.0
6	44.0,22.0
7	96.0,0.0
7	93.0,7.0
7	64.0,11.0
7	83.0,14.0
7	66.0,3.0
7	92.0,12.0
7	65.0,11.0
7	86.0,8.0
7	58.0,6.0
7	60.0,6.0
7	68.0,9.0
8	2.0,13.0
8	14.0,13.0
8	6.0,16.0
8	5.0,16.0
8	3.0,16.0
8	11.0,10.0
9	54.0,53.0
9	50.0,71.0
9	70.0,62.0
9	47.0,53.0
9	39.0,54.0
9	36.0,50.0
9	48.0,69.0
