0	55.0,43.0
0	71.0,39.0
0	59.0,37.0
0	70.0,62.0
0	58.0,33.0
0	47.0,53.0
0	71.0,47.0
0	57.0,47.0
0	54.0,53.0
1	29.0,51.0
1	43.0,39.0
1	24.0,39.0
1	40.0,41.0
1	6.0,55.0
1	22.0,34.0
1	13.0,42.0
1	11.0,40.0
1	10.0,41.0
1	39.0,54.0
1	36.0,50.0
1	29.0,44.0
2	5.0,16.0
2	2.0,13.0
2	14.0,13.0
2	3.0,16.0
2	6.0,16.0
2	11.0,10.0
3	89.0,75.0
3	97.0,81.0
3	75.0,96.0
3	85.0,67.0
3	98.0,91.0
3	90.0,85.0
3	71.0,85.0
3	96.0,91.0
3	82.0,81.0
4	98.0,24.0
4	93.0,22.0
4	86.0,8.0
4	93.0,7.0
4	92.0,12.0
4	96.0,0.0
4	83.0,14.0
5	53.0,85.0
5	58.0,95.0
5	44.0,100.0
5	45.0,91.0
5	62.0,84.0
5	65.0,76.0
5	48.0,69.0
5	56.0,94.0
5	39.0,99.0
5	38.0,91.0
5	40.0,80.0
5	50.0,71.0
5	71.0,98.0
5	64.0,78.0
5	68.0,90.0
6	26.0,72.0
6	16.0,77.0
6	11.0,86.0
6	7.0,96.0
6	9.0,99.0
6	24.0,96.0
6	11.0,86.0
6	12.0,92.0
6	7.0,98.0
6	29.0,79.0
6	13.0,78.0
6	8.0,91.0
7	36.0,30.0
7	31.0,5.0
7	43.0,22.0
7	29.0,18.0
7	38.0,8.0
7	43.0,20.0
7	46.0,21.0
7	41.0,12.0
7	44.0,22.0
8	64.0,11.0
8	56.0,26.0
8	68.0,9.0
8	66.0,3.0
8	58.0,6.0
8	57.0,13.0
8	65.0,11.0
8	67.0,27.0
8	60.0,6.0
9	94.0,32.0
9	96.0,44.0
9	91.0,43.0
9	81.0,47.0
9	86.0,32.0
9	90.0,59.0
9	97.0,35.0
9	90.0,62.0
9	78.0,51.0
9	88.0,39.0
9	100.0,37.0
9	93.0,48.0
