0	96.0,91.0
0	48.0,69.0
0	12.0,92.0
0	75.0,96.0
0	40.0,80.0
0	8.0,91.0
0	62.0,84.0
0	7.0,98.0
0	90.0,85.0
0	65.0,76.0
0	11.0,86.0
0	44.0,100.0
0	56.0,94.0
0	39.0,99.0
0	11.0,86.0
0	53.0,85.0
0	98.0,91.0
0	38.0,91.0
0	45.0,91.0
0	89.0,75.0
0	29.0,79.0
0	26.0,72.0
0	71.0,85.0
0	64.0,78.0
0	71.0,98.0
0	82.0,81.0
0	13.0,78.0
0	7.0,96.0
0	24.0,96.0
0	97.0,81.0
0	9.0,99.0
0	16.0,77.0
0	58.0,95.0
0	50.0,71.0
0	68.0,90.0
1	57.0,47.0
1	86.0,8.0
1	58.0,33.0
1	85.0,67.0
1	57.0,13.0
1	90.0,62.0
1	66.0,3.0
1	56.0,26.0
1	71.0,39.0
1	54.0,53.0
1	93.0,7.0
1	71.0,47.0
1	81.0,47.0
1	68.0,9.0
1	96.0,44.0
1	59.0,37.0
1	55.0,43.0
1	100.0,37.0
1	96.0,0.0
1	88.0,39.0
1	67.0,27.0
1	93.0,48.0
1	91.0,43.0
1	92.0,12.0
1	86.0,32.0
1	98.0,24.0
1	90.0,59.0
1	94.0,32.0
1	97.0,35.0
1	93.0,22.0
1	78.0,51.0
1	58.0,6.0
1	70.0,62.0
1	60.0,6.0
1	64.0,11.0
1	83.0,14.0
1	65.0,11.0
2	22.0,34.0
2	6.0,16.0
2	31.0,5.0
2	36.0,30.0
2	24.0,39.0
2	2.0,13.0
2	43.0,22.0
2	36.0,50.0
2	29.0,18.0
2	46.0,21.0
2	3.0,16.0
2	13.0,42.0
2	43.0,39.0
2	11.0,10.0
2	40.0,41.0
2	29.0,44.0
2	38.0,8.0
2	29.0,51.0
2	44.0,22.0
2	39.0,54.0
2	6.0,55.0
2	43.0,20.0
2	47.0,53.0
2	41.0,12.0
2	10.0,41.0
2	11.0,40.0
2	5.0,16.0
2	14.0,13.0
