0	46.0,21.0
0	55.0,43.0
0	47.0,53.0
0	24.0,39.0
0	39.0,54.0
0	41.0,12.0
0	44.0,22.0
0	29.0,44.0
0	38.0,8.0
0	29.0,18.0
0	36.0,30.0
0	43.0,22.0
0	13.0,42.0
0	3.0,16.0
0	2.0,13.0
0	31.0,5.0
0	6.0,16.0
0	22.0,34.0
0	36.0,50.0
0	29.0,51.0
0	43.0,39.0
0	6.0,55.0
0	11.0,10.0
0	14.0,13.0
0	5.0,16.0
0	11.0,40.0
0	10.0,41.0
0	43.0,20.0
0	40.0,41.0
1	57.0,47.0
1	86.0,8.0
1	58.0,33.0
1	57.0,13.0
1	66.0,3.0
1	56.0,26.0
1	71.0,39.0
1	93.0,7.0
1	71.0,47.0
1	81.0,47.0
1	68.0,9.0
1	96.0,44.0
1	59.0,37.0
1	100.0,37.0
1	96.0,0.0
1	88.0,39.0
1	67.0,27.0
1	93.0,48.0
1	91.0,43.0
1	92.0,12.0
1	86.0,32.0
1	98.0,24.0
1	94.0,32.0
1	97.0,35.0
1	93.0,22.0
1	78.0,51.0
1	58.0,6.0
1	60.0,6.0
1	64.0,11.0
1	83.0,14.0
1	65.0,11.0
2	9.0,99.0
2	7.0,96.0
2	11.0,86.0
2	13.0,78.0
2	8.0,91.0
2	7.0,98.0
2	24.0,96.0
2	11.0,86.0
2	12.0,92.0
2	16.0,77.0
2	26.0,72.0
2	29.0,79.0
3	89.0,75.0
3	82.0,81.0
3	96.0,91.0
3	90.0,62.0
3	98.0,91.0
3	90.0,85.0
3	70.0,62.0
3	90.0,59.0
3	75.0,96.0
3	85.0,67.0
3	97.0,81.0
3	71.0,85.0
4	68.0,90.0
4	50.0,71.0
4	71.0,98.0
4	64.0,78.0
4	65.0,76.0
4	48.0,69.0
4	53.0,85.0
4	45.0,91.0
4	62.0,84.0
4	56.0,94.0
4	39.0,99.0
4	54.0,53.0
4	44.0,100.0
4	58.0,95.0
4	38.0,91.0
4	40.0,80.0
