0	59.0,37.0
0	100.0,37.0
0	96.0,0.0
0	78.0,51.0
0	92.0,12.0
0	93.0,22.0
0	65.0,11.0
0	88.0,39.0
0	67.0,27.0
0	83.0,14.0
0	93.0,48.0
0	64.0,11.0
0	57.0,13.0
0	60.0,6.0
0	66.0,3.0
0	56.0,26.0
0	86.0,8.0
0	58.0,33.0
0	71.0,39.0
0	86.0,32.0
0	97.0,35.0
0	94.0,32.0
0	93.0,7.0
0	91.0,43.0
0	71.0,47.0
0	98.0,24.0
0	58.0,6.0
0	81.0,47.0
0	68.0,9.0
0	96.0,44.0
1	44.0,22.0
1	3.0,16.0
1	43.0,20.0
1	6.0,16.0
1	46.0,21.0
1	11.0,10.0
1	41.0,12.0
1	38.0,8.0
1	29.0,18.0
1	14.0,13.0
1	43.0,22.0
1	5.0,16.0
1	2.0,13.0
1	31.0,5.0
2	8.0,91.0
2	16.0,77.0
2	13.0,78.0
2	7.0,98.0
2	11.0,86.0
2	44.0,100.0
2	24.0,96.0
2	45.0,91.0
2	9.0,99.0
2	26.0,72.0
2	7.0,96.0
2	39.0,99.0
2	11.0,86.0
2	29.0,79.0
2	38.0,91.0
2	40.0,80.0
2	12.0,92.0
3	57.0,47.0
3	24.0,39.0
3	22.0,34.0
3	11.0,40.0
3	10.0,41.0
3	54.0,53.0
3	47.0,53.0
3	39.0,54.0
3	29.0,44.0
3	55.0,43.0
3	40.0,41.0
3	43.0,39.0
3	29.0,51.0
3	13.0,42.0
3	36.0,30.0
3	6.0,55.0
3	36.0,50.0
4	68.0,90.0
4	82.0,81.0
4	97.0,81.0
4	50.0,71.0
4	96.0,91.0
4	85.0,67.0
4	98.0,91.0
4	56.0,94.0
4	75.0,96.0
4	48.0,69.0
4	58.0,95.0
4	71.0,85.0
4	70.0,62.0
4	89.0,75.0
4	90.0,62.0
4	53.0,85.0
4	65.0,76.0
4	62.0,84.0
4	90.0,85.0
4	64.0,78.0
4	90.0,59.0
4	71.0,98.0
